Number	Votes	Question
Q1	1	MPEG-TS PSI parsing