Number	Votes	Question
Q1	0	Errors importing WebDAV sardine source files on Android